01101111101001001011 00000100111101011011
01010001000111110001
 01000010000000100101 11010000011000010000
 11101100001101010011 

11000100000100110110

00011010110100100111

01001110101100101010
 11110100000101101110
10110011111011011011

00010101010101000011
11011011010100000111  11100111101000110010 00100011100010001101
 01001100110110000110
10100011101111100111
 
00000010101011111101  10100011000100001110  01101100011010011111


01111000000010010101  
11111010101100101011   10110111111111111001 01110000110101010110
 00011011111001011110  01101101000011100110
 10011010000110000010  01101111001101010111   10011100001100100000  10011001001001100010  01110111010101011111  11111010111001010101

 00101000010010010101
10001111100000000101
 10110111111001111010 

01100110000001001000
 00110110101011011100 

11000111000110001011
  11111000100101011101
00000001000110000011
10111010001111010010 
11000110101011000110
11111100101101101110
 00100010101101011000
 11010010000000110011 
00111100011010001011 01111100101101101010
 10111110100000110000 00011011111100011001

 00000101011000000001 
 00110100001011110001 01101001110101000001

 11110010010100000101  11111001100011111001

00001001000111110100 10011111001110100000


01101110010001110100
 01100011010111011101 
00010101101000011010 

11100100100010111011
 01101100011110100101


01011001011000000101  10101111010010001101 01100100100001111000   11000001010110011100  
01000110111000110010

11011111110001101000 
01100110001100111011
01000111110101000011

 10111100011010011011
00101001000111100110 

10100010011010111001 
00100110110001001011
 
10111111010100000100


00000110011010011100  11000101101101000000

11111101100001101110
  11100001000111111011
00110010101100001001
 
10110111101100100011 00011010101010100101 10100000101101110011   00111111110110100011


01111110001111011100

11000011001001011011
11101111000010011010
01101000110011000001

 00011010101000010110
 11000001011100110011
  00010001001010000111
00010101001010101010


00011110111011101001  01111111110000101101 

01101101111010011100
 
01100011010111000000
00111101101011111110
 00100110111100110011
11111110100101000110
11010110011011100100
11101101001101100111   00100110001111101101
00100101011011011010

00010000010111000110  11000111100101001000
  10000001111101110101 
00100011011110111010


00101001010001111001
10111010110110110110 

01111100110001101100

10111011100110110100

10010000000001100000 

10001000000011101010 
 11110100100001011101
11100100110111110110   11101001011000000011


00011001001011100001
 11100101110001111101 
01010100001101110000
01111100010001110001
  10010111001001000000

 10110110000101110010  
11001101001111000111  
11011010010110011101
 01010011101000110111
01000110010101101101

 00101110001000111100 00010001011001001011
00101110100101011100
 11100111100000010100
11010000010100110000
 10100000010011100101
 11101001110011011001 
00111111110011000111  
11111100010101110011

10111010100111010100


00100110010001110011
 01101100111110011000  
10011011000000011110  01101100110110010110
01000011000011011110 

11010100110101110001


11111010101110100110  
10100010011110001111 11000101011011101101 01000001101001011111 00001100100011001011 10010010010110110110

11010000011001011010 
11111110001011101110 11100001110110100111 11001010110101101110 10001001101101100000 11010110001011101011
  01101111010110011001 10000000011110111001 11000010101011101010 

10111011101010101100 

10101111010110101011 01010100110001101100
00011100010111010101
 00100101101010010001

00111010001000000011
 
01011011101110000011 01101000011011100100 11011011100010000000  
00001101100101011110 10100101101111010110

 10001011100011100000
01000110001110110010 10101001111101101101

01100010011101010110 
01010010110100110101 01101100100110000100 01010101101111001111 11110011100001011001  11011111101010001011 00000111101101010000 11000011100111010110 11000000010101110011
 
11100101010100000101 

01010001100000000000  00100101101000001010 
00000111101010011111 
 10010100010111011100   10011001001001001010
 
01100110110100001111 00001100011001010001 

11111011000010110011
01101000001001101111
10001000010010101101 

10110100011000010100  01101100010001010000  
10101100100111011111

10100001101110110000

10001111000101100101 
11001000101011000100 

11001111000101110010 
01000110101100010010
 00001111011010011000
 10100000100010111100 
01101111100010010110
10001010010000000011  00001010000000100100
 10010100010001000000  11100001111011010010 10010100010010101101
00010111110111011101
 10100010100011101100   10010110011110110011 

11100111111110111101   10010001000100010111

 01001011011101110011

11011111111100111100


11100000110000010111  
01000010100000010110 11101000000110101000
10010100011011110011  01010000110110101111 10111010101110111011 
01101101111010111111  00100001001111011000 01001000011100100100
11110000100110001110  10011100101001101010 10001111010100101011
00000011011101110101 00111000000101100001 

11001010001001010001  
00111101001011001011
10001110000111111001 10100100000000110111
 10010001010010111000
 01001010100011011110  10101010001001000100 00100010000101000110 00110101110010010101

 11101000000010110100  
00110101110111011010
01100101100100001110 10111011111010110100 10000000100010010011
11010101101111001101

10000101011100110001

11010001110100011100
10111000000111100011


01010100111111000000


00101100001001110000

01101110110010000101
01111101111110111010 11000110101001101000

11011110100010100011 
 00101000110111011011 
 10000101101010001111  
00111011011011110101 11001100111001110010  00111001011001110011

01111101110001001001
11011000110111101001
 
00111011101100100000


00110010000001110011  
10011111101100110110
 11111010011001010101  10110111111111001110

00000100011100110010
10111101101000111110
  10001010001111011110
  00000101111011000100

00111010111111111010 

00100010111000010011  10101100010110000111  00010011000110001010 

11011111110001010011 11011011011010101010  
10011100101000010111
  01110011101101010000   10011001001011001011  10001010011011110110 
 00110010101011111000

10000010010101000100  00101101001111111000


10010000100111110111 01000101100011010000 

10010011001110001010
 11101110010011000001
10011100111101011110
 10100001000101101100 11000100011001100001
  00011000001110010010 
11011000110000110100 

10011000001001011011 00100110101000010000  11000111010011101111
11111111101011100100 10111000101000000111
11110001101111111111 00110100110100001111
01101101000101101010
 01100001011001111011

10000110010010010100
10001000110010010111   11100111110110110110
11010000110101010011

01110100100001010010
  01000111110000110011 01010100001110110100  01000101111010001100 00111010110011001101
01101000110000110100 
11110101100110011010 

01001011100000101100
11101101111001100111 
 00110100111001001011 
 00101101110011110000 00110110011001100110 
10101011011011101001

10100010100010111110 10100110111110111101  10110010010001101000 
 11000100001011100101 
11101000001001010011
10011110101100010000 01111100100110010100   00111001110010100100

10110000010001100111
00001101100011001011 
01111110100010000110   00111001101011101011  01101110101010010100
01111100001100000111 
10011111100100110011

 10001010000100011011 

01110100111000101000  01011101011101010011
01100010011110011011
01100001110100110111
10101011010111100001
 
01100000010011101000   01110110000101110101
 
01010010011111111001


10000101011100100100 00101001011101000000

 10000110011101010111
 
10001010001001010001
 00111001110000010100
  10010101010111110010

 01101000111011000000
 10100100010001000000
11001000001101001100  01011111101100101010
 10111101001110110000
11001010011011001111
 
10000000000100010100
 00111100000101110010

 11101101110001011010 
01011110001100000011 
11111000011011111100 
10101111001010011101
10010001010100001011 01100010000110100011 
 00100110100010111100
01100111000001101100  10110011001000111010
 11010100000111001111 
01111110111011011101
11110110111101101001
01010011001000111100
01110000011000001010 
10011001101011000110 

10000111000011001101  00011010011010000001 00000100001100001010
01100010010100000010  
00101100010000001000
 
11010001010000100001 00011100001000001101

 00101010111001001111
 10101001100011100111
01011110101001101101
11001100110011100000  
01100110111110011010

00110000110001101000
01000101000001111010
 10000111011010011111 

00110111011110111011 
10101001100101101111 11001010100110001000

 11010101111011011000 
 00100110011001110100
 11001110111101111010 

10101110001000001010   10101101110100001101  10101101000110010111
 10101100000001111111 

00101010100110011010 

11110011000001101100 11110010101001101111  10101110000110100000
01110000101010111000
01100100010111011001
 10000101001100010100  
00100111000110010101


10100100011101001011  
01110110001001000110 00110001100101011101
10010100110010011011 
 00111110101011101111
01101100100111111000 
01001101100101110110


01100100001010001010
 00010101111111011111 10010001010101100010
 
01001001101010001010  10011101001010010011

 11011010101010101000 
 01011100011011010011
10100001000101011000

 11010110011011111001
01000100010101101010


01010010000110000111
  10100011010101100100  01001011011000000011  10100001001001110000 

01101001100010010110  11011010010101001111

11001101010011000001 10000001101110111111  11101100100011101111 01010000000001010110 
00010000000000011101
 00111000111000011011


01110011100011001111   00101101001111011101 
 00111111101110000001  00010000110000010101

11001011001010100001
 10011111111001101011  00100110110010100001 
10010110100111100111


11010010100010110000
11010010110010100010

 11100111110011100100
 
01001110100101010001

00010110111111000010 00001110000100111010 
10110111110010010010 10111111110110111001 00111001100111110010   01111000100011000100 
 10101111001001000010  10001110100010000011
 
10001001101111011111


11001111110111010000  01100110010110001100
  11010000001001011100 

01111111001100100100 01100111010010111001
01010011001111101010 
01001000101111101001  10001000111100111100   01101011100000110000  01111000010100010000
11100101010101011011

10001001111110101000
11000110011110000110  11010000011001010101
11101111000010011010 01000010010010001100

11110010011001000100 10100110010100101001


01100001010101111000
 01101001101110101110
01000100101111111011 
00011001010100000110 
10000010110011101000
 11001001110000011101 11000101100001000011
10000001111111010110 10101001100000011101
  01100010011011001101 
11110111011011110001

11110100111011001001 00000000110100111110 
 11111111010001110011


00001010101101110011
  10011100101100010111 
01100010100000001100
 10011000110011001111
00001011010111010101  10000000111010011100
 01111101111100011001


01110011010111110000 11100001011101011000 11000000001101110101 11010010101110100000 00111000011001011100   11011010111111100101
 01110110001111011101 

11001010101011000011 01010010100101011110

 00111000010100001000
