0110111110  
0010110000  1001111010
 1111010100
  0111110001
 0100001000 0010010100
 
0000011000
  0001011101  0011010100
  1111000100  1001101101
  0110101101 
0011101101 1110101100 
0100101111
  0001011011 

1011001111 

0110110110 1010101010  0011111101 1101010000


0001110011
 1000110010 0010001110 
0001101010
0011001101  0011011101 0111011111 1110101000  1010101111
 
1001010001  0100001110  0110110001 
0011111111 
1110000000 0101011001


1010101100 
0111000101 1111111111
 0110011100 1101010101 
1000011011

 0101111010 

0110100001
0011011010
1010000110   1010001101

 0110101011
  0100111000
1001000000 1001100100  
1000100000

0111010101
1111100111
0101110010 1011110001
  0010010010 
0110001111   0000010101
 1101111110

1101000110
  1100000010
 0011000110
0101011011 0101111000

 0011000101

0011111000 0101011101
0000000100
1000001101 
1101000111 
 0100011100

0101011000
 1111111100 1101101110
 0010001010
0101100011

0100100000 

0011101001

 0011010001

0001111100 
1011010101 
0111110100  1100001000

 1111110001  
1110000001
 
1000000001 
 0011010000 
1110001100
0100111010  0001111011
0010010100 0101100111
 0110001111  
0110000100  0111110100 1001111100

 1000000111
1011100100


0100010011  
1010111011 
0010001010
0100001101
 1111100100  0101110110 0110110001

0100101011 
 1100101100   1010001010
1101001000
0100011001 
0000111100  0011000001
 1100111001 1010001101
  0110010011
 1111111000
 1000101011 1100011001
0110101000

1101010000
 1101011110 
1010011011
0010100100

1100110101
0100010011
0111001001 
0011011000 0101101011

1111010100  
0001110000

0011010011  1001100010
 1101000000

1111110110  1101110110

1000010001

1101101001  
0101100001 
0101101101

 1100100011 0001101010 
 1001011010 0000101101
  1100000011


1101101000
1111011111  0111101110
1111000011 1001011011
1110111100 
0011010010
0100011001   0010110000
 
0101000010
 
1011000001

1001100110   0010001001
  0011101000 1010010101
0100111000
1101110111
  1100011111
1100001011
0011011011
1110100111 

0101100011
 1110000001  
1110110101

1110010001 
1011110011 1101111111 
0010100011


1010110011


0010001111

 1001101100

0000001001  0111110110

0010010101 1101101011  0100000101
  0110100110 1111001010
0001100100   1111101110 
1010010001 

1101110100

 0101001010 

1100111101
 
0110110110
0101101111  1100011011 0111011101
0011011010 1110010000  0011000000


0001000000

1010101010


0100100001


